<?xml version="1.0"?>
<arts format="ascii" version="1">
<GriddedField4 name="Antenna response function">
<Array name="Polarisation" type="String" nelem="1">
<String>
"1"
</String>
</Array>
<Vector name="Frequency" nelem="1">
1.5000000e+11
</Vector>
<Vector name="Zenith angle" nelem="21">
-1.0000000e+00
-9.0000000e-01
-8.0000000e-01
-7.0000000e-01
-6.0000000e-01
-5.0000000e-01
-4.0000000e-01
-3.0000000e-01
-2.0000000e-01
-1.0000000e-01
0.0000000e+00
1.0000000e-01
2.0000000e-01
3.0000000e-01
4.0000000e-01
5.0000000e-01
6.0000000e-01
7.0000000e-01
8.0000000e-01
9.0000000e-01
1.0000000e+00
</Vector>
<Vector name="Azimuth angle" nelem="21">
-1.0000000e+00
-9.0000000e-01
-8.0000000e-01
-7.0000000e-01
-6.0000000e-01
-5.0000000e-01
-4.0000000e-01
-3.0000000e-01
-2.0000000e-01
-1.0000000e-01
0.0000000e+00
1.0000000e-01
2.0000000e-01
3.0000000e-01
4.0000000e-01
5.0000000e-01
6.0000000e-01
7.0000000e-01
8.0000000e-01
9.0000000e-01
1.0000000e+00
</Vector>
<Tensor4 nbooks="1" npages="1" nrows="21" ncols="21">
7.4588049e-03 1.1527787e-02 1.7018443e-02 2.3998875e-02 3.2326535e-02 4.1593418e-02 5.1119577e-02 6.0013241e-02 6.7298302e-02 7.2087228e-02 7.3758101e-02 7.2087228e-02 6.7298302e-02 6.0013241e-02 5.1119577e-02 4.1593418e-02 3.2326535e-02 2.3998875e-02 1.7018443e-02 1.1527787e-02 7.4588049e-03
1.1527787e-02 1.7816510e-02 2.6302469e-02 3.7090918e-02 4.9961543e-02 6.4283764e-02 7.9006704e-02 9.2752105e-02 1.0401137e-01 1.1141278e-01 1.1399516e-01 1.1141278e-01 1.0401137e-01 9.2752105e-02 7.9006704e-02 6.4283764e-02 4.9961543e-02 3.7090918e-02 2.6302469e-02 1.7816510e-02 1.1527787e-02
1.7018443e-02 2.6302469e-02 3.8830268e-02 5.4757229e-02 7.3758101e-02 9.4901960e-02 1.1663740e-01 1.3692970e-01 1.5355172e-01 1.6447841e-01 1.6829077e-01 1.6447841e-01 1.5355172e-01 1.3692970e-01 1.1663740e-01 9.4901960e-02 7.3758101e-02 5.4757229e-02 3.8830268e-02 2.6302469e-02 1.7018443e-02
2.3998875e-02 3.7090918e-02 5.4757229e-02 7.7216931e-02 1.0401137e-01 1.3382777e-01 1.6447841e-01 1.9309398e-01 2.1653383e-01 2.3194230e-01 2.3731838e-01 2.3194230e-01 2.1653383e-01 1.9309398e-01 1.6447841e-01 1.3382777e-01 1.0401137e-01 7.7216931e-02 5.4757229e-02 3.7090918e-02 2.3998875e-02
3.2326535e-02 4.9961543e-02 7.3758101e-02 1.0401137e-01 1.4010353e-01 1.8026629e-01 2.2155276e-01 2.6009799e-01 2.9167151e-01 3.1242676e-01 3.1966835e-01 3.1242676e-01 2.9167151e-01 2.6009799e-01 2.2155276e-01 1.8026629e-01 1.4010353e-01 1.0401137e-01 7.3758101e-02 4.9961543e-02 3.2326535e-02
4.1593418e-02 6.4283764e-02 9.4901960e-02 1.3382777e-01 1.8026629e-01 2.3194230e-01 2.8506416e-01 3.3465895e-01 3.7528350e-01 4.0198855e-01 4.1130604e-01 4.0198855e-01 3.7528350e-01 3.3465895e-01 2.8506416e-01 2.3194230e-01 1.8026629e-01 1.3382777e-01 9.4901960e-02 6.4283764e-02 4.1593418e-02
5.1119577e-02 7.9006704e-02 1.1663740e-01 1.6447841e-01 2.2155276e-01 2.8506416e-01 3.5035253e-01 4.1130604e-01 4.6123485e-01 4.9405617e-01 5.0550765e-01 4.9405617e-01 4.6123485e-01 4.1130604e-01 3.5035253e-01 2.8506416e-01 2.2155276e-01 1.6447841e-01 1.1663740e-01 7.9006704e-02 5.1119577e-02
6.0013241e-02 9.2752105e-02 1.3692970e-01 1.9309398e-01 2.6009799e-01 3.3465895e-01 4.1130604e-01 4.8286411e-01 5.4147941e-01 5.8001091e-01 5.9345469e-01 5.8001091e-01 5.4147941e-01 4.8286411e-01 4.1130604e-01 3.3465895e-01 2.6009799e-01 1.9309398e-01 1.3692970e-01 9.2752105e-02 6.0013241e-02
6.7298302e-02 1.0401137e-01 1.5355172e-01 2.1653383e-01 2.9167151e-01 3.7528350e-01 4.6123485e-01 5.4147941e-01 6.0721008e-01 6.5041895e-01 6.6549468e-01 6.5041895e-01 6.0721008e-01 5.4147941e-01 4.6123485e-01 3.7528350e-01 2.9167151e-01 2.1653383e-01 1.5355172e-01 1.0401137e-01 6.7298302e-02
7.2087228e-02 1.1141278e-01 1.6447841e-01 2.3194230e-01 3.1242676e-01 4.0198855e-01 4.9405617e-01 5.8001091e-01 6.5041895e-01 6.9670255e-01 7.1285107e-01 6.9670255e-01 6.5041895e-01 5.8001091e-01 4.9405617e-01 4.0198855e-01 3.1242676e-01 2.3194230e-01 1.6447841e-01 1.1141278e-01 7.2087228e-02
7.3758101e-02 1.1399516e-01 1.6829077e-01 2.3731838e-01 3.1966835e-01 4.1130604e-01 5.0550765e-01 5.9345469e-01 6.6549468e-01 7.1285107e-01 7.2937388e-01 7.1285107e-01 6.6549468e-01 5.9345469e-01 5.0550765e-01 4.1130604e-01 3.1966835e-01 2.3731838e-01 1.6829077e-01 1.1399516e-01 7.3758101e-02
7.2087228e-02 1.1141278e-01 1.6447841e-01 2.3194230e-01 3.1242676e-01 4.0198855e-01 4.9405617e-01 5.8001091e-01 6.5041895e-01 6.9670255e-01 7.1285107e-01 6.9670255e-01 6.5041895e-01 5.8001091e-01 4.9405617e-01 4.0198855e-01 3.1242676e-01 2.3194230e-01 1.6447841e-01 1.1141278e-01 7.2087228e-02
6.7298302e-02 1.0401137e-01 1.5355172e-01 2.1653383e-01 2.9167151e-01 3.7528350e-01 4.6123485e-01 5.4147941e-01 6.0721008e-01 6.5041895e-01 6.6549468e-01 6.5041895e-01 6.0721008e-01 5.4147941e-01 4.6123485e-01 3.7528350e-01 2.9167151e-01 2.1653383e-01 1.5355172e-01 1.0401137e-01 6.7298302e-02
6.0013241e-02 9.2752105e-02 1.3692970e-01 1.9309398e-01 2.6009799e-01 3.3465895e-01 4.1130604e-01 4.8286411e-01 5.4147941e-01 5.8001091e-01 5.9345469e-01 5.8001091e-01 5.4147941e-01 4.8286411e-01 4.1130604e-01 3.3465895e-01 2.6009799e-01 1.9309398e-01 1.3692970e-01 9.2752105e-02 6.0013241e-02
5.1119577e-02 7.9006704e-02 1.1663740e-01 1.6447841e-01 2.2155276e-01 2.8506416e-01 3.5035253e-01 4.1130604e-01 4.6123485e-01 4.9405617e-01 5.0550765e-01 4.9405617e-01 4.6123485e-01 4.1130604e-01 3.5035253e-01 2.8506416e-01 2.2155276e-01 1.6447841e-01 1.1663740e-01 7.9006704e-02 5.1119577e-02
4.1593418e-02 6.4283764e-02 9.4901960e-02 1.3382777e-01 1.8026629e-01 2.3194230e-01 2.8506416e-01 3.3465895e-01 3.7528350e-01 4.0198855e-01 4.1130604e-01 4.0198855e-01 3.7528350e-01 3.3465895e-01 2.8506416e-01 2.3194230e-01 1.8026629e-01 1.3382777e-01 9.4901960e-02 6.4283764e-02 4.1593418e-02
3.2326535e-02 4.9961543e-02 7.3758101e-02 1.0401137e-01 1.4010353e-01 1.8026629e-01 2.2155276e-01 2.6009799e-01 2.9167151e-01 3.1242676e-01 3.1966835e-01 3.1242676e-01 2.9167151e-01 2.6009799e-01 2.2155276e-01 1.8026629e-01 1.4010353e-01 1.0401137e-01 7.3758101e-02 4.9961543e-02 3.2326535e-02
2.3998875e-02 3.7090918e-02 5.4757229e-02 7.7216931e-02 1.0401137e-01 1.3382777e-01 1.6447841e-01 1.9309398e-01 2.1653383e-01 2.3194230e-01 2.3731838e-01 2.3194230e-01 2.1653383e-01 1.9309398e-01 1.6447841e-01 1.3382777e-01 1.0401137e-01 7.7216931e-02 5.4757229e-02 3.7090918e-02 2.3998875e-02
1.7018443e-02 2.6302469e-02 3.8830268e-02 5.4757229e-02 7.3758101e-02 9.4901960e-02 1.1663740e-01 1.3692970e-01 1.5355172e-01 1.6447841e-01 1.6829077e-01 1.6447841e-01 1.5355172e-01 1.3692970e-01 1.1663740e-01 9.4901960e-02 7.3758101e-02 5.4757229e-02 3.8830268e-02 2.6302469e-02 1.7018443e-02
1.1527787e-02 1.7816510e-02 2.6302469e-02 3.7090918e-02 4.9961543e-02 6.4283764e-02 7.9006704e-02 9.2752105e-02 1.0401137e-01 1.1141278e-01 1.1399516e-01 1.1141278e-01 1.0401137e-01 9.2752105e-02 7.9006704e-02 6.4283764e-02 4.9961543e-02 3.7090918e-02 2.6302469e-02 1.7816510e-02 1.1527787e-02
7.4588049e-03 1.1527787e-02 1.7018443e-02 2.3998875e-02 3.2326535e-02 4.1593418e-02 5.1119577e-02 6.0013241e-02 6.7298302e-02 7.2087228e-02 7.3758101e-02 7.2087228e-02 6.7298302e-02 6.0013241e-02 5.1119577e-02 4.1593418e-02 3.2326535e-02 2.3998875e-02 1.7018443e-02 1.1527787e-02 7.4588049e-03
</Tensor4>
</GriddedField4>
</arts>
